20
21
22
23
25
53
69
80
88
110
111
119
123
135
137
138
139
143
161
162
179
194
201
264
389
443
445
464
500
502
512
513
514
515
520
523
530
548
554
587
593
623
626
631
636
771
789
873
902
993
995
1025
1026
1027
1028
1029
1080
1099
1194
1214
1241
1311
1337
1433
1434
1500
1521
1524
1604
1645
1646
1701
1723
1741
1812
1813
1883
1900
1911
1935
1947
2000
2049
2082
2083
2086
2087
2100
2181
2222
2375
2376
2379
2483
2484
2628
2745
2947
3000
3001
3128
3260
3268
3269
3283
3306
3307
3389
3478
3500
3541
3632
3689
3690
3749
3780
3784
3790
4000
4022
4040
4063
4064
4200
4369
4443
4444
4505
4506
4567
4730
4782
4786
4848
4899
4993
5000
5001
5003
5004
5005
5006
5007
5008
5009
5010
5050
5060
5061
5084
5222
5223
5269
5280
5353
5357
5432
5433
5500
5555
5601
5631
5632
5666
5672
5683
5800
5801
5900
5901
5938
5984
5985
5986
6000
6001
6002
6003
6060
6066
6262
6264
6379
6380
6443
6514
6543
6660
6661
6662
6663
6664
6665
6666
6667
6668
6669
6697
6699
6779
6881
6969
7000
7001
7002
7070
7071
7080
7170
7272
7396
7443
7474
7547
7548
7634
7657
7777
7778
7779
8000
8001
8002
8003
8004
8005
8006
8008
8009
8010
8020
8028
8030
8040
8060
8069
8080
8081
8082
8083
8084
8085
8086
8087
8088
8089
8090
8091
8095
8098
8099
8100
8111
8112
8118
8123
8126
8139
8140
8180
8181
8200
8222
8243
8280
8281
8291
8333
8334
8383
8384
8400
8443
8444
8445
8480
8500
8530
8531
8545
8554
8580
8649
8686
8688
8765
8834
8880
8881
8888
8889
8899
8983
9000
9001
9002
9003
9009
9010
9042
9043
9060
9080
9090
9091
9092
9093
9100
9101
9102
9103
9160
9191
9200
9201
9300
9418
9443
9471
9500
9530
9595
9600
9700
9800
9848
9869
9898
9900
9943
9944
9981
9990
9998
9999
10000
10001
10010
10050
10051
10080
10243
10250
10443
10554
11211
11214
11215
11300
12174
12203
12345
12975
13306
13720
14147
15000
15672
16080
16992
16993
17185
17988
18080
18081
18245
19150
19999
20000
20547
21025
21379
23023
23424
25565
27015
27016
27017
27018
27019
28015
28017
29876
30000
31337
32400
32764
33060
33848
35871
37215
38292
40000
41795
44158
44818
47001
47808
49152
49153
49154
49155
50000
50030
50060
50070
50075
50090
54321
55442
55553
61613
61616
62078
64738
